ZTF-g.ecsv
# %ECSV 0.9
# ---
# datatype:
# - {name: wavelength, unit: Angstrom, datatype: float64}
# - {name: response, datatype: float64}
# meta: !!omap
# - {url: 'http://svo2.cab.inta-csic.es/svo/theory/fps3/index.php?id=Palomar/ZTF.g&&mode=browse&gname=Palomar&gname2=ZTF'}
# - {band_name: g}
# - {airmass: 0.0}
# - {description: '-'}
# - {group_name: ZTF}
wavelength response
[from data line 1466]
5141.0 0.9221941649
5142.0 0.9199407056000001
5143.0 0.917361013
5144.0 0.9188722534
5145.0 0.9174968793000001
5146.0 0.9208408239
5147.0 0.9175636928
5148.0 0.9185834889
5149.0 0.9171627448999999
5150.0 0.9154827469
5151.0 0.9173259079
5152.0 0.9165606359999999
5153.0 0.9125441696
5154.0 0.9180064495999999
5155.0 0.915019166
5156.0 0.9165661393000001
5157.0 0.9158476658
5158.0 0.9164724075
5159.0 0.9143973806
5160.0 0.9154942571
5161.0 0.9135852275
5162.0 0.9176881652
5163.0 0.9151041068000001
5164.0 0.9155742786
5165.0 0.9114928706000001
5166.0 0.9138685464
5167.0 0.9142730031
5168.0 0.9116173433
5169.0 0.9137273648
5170.0 0.9116950272
5171.0 0.9130677354000001
5172.0 0.9144583384999999
5173.0 0.9140093116
5174.0 0.9144945603
5175.0 0.9141404397
5176.0 0.9120343743000001
5177.0 0.9192521968
5178.0 0.9140011968
5179.0 0.9138394412999999
5180.0 0.916550405
5181.0 0.9088141474
5182.0 0.9148857361
5183.0 0.913378507
5184.0 0.9148044223999999
5185.0 0.9117000257
5186.0 0.9164365645
5187.0 0.9123162809
5188.0 0.9128033845
5189.0 0.9115944279000001
5190.0 0.9164906273000001
5191.0 0.9126139481000001
5192.0 0.910784096
5193.0 0.9131650803
5194.0 0.9135433279999999
5195.0 0.9132430698
5196.0 0.9140718035
5197.0 0.9089525573999999
5198.0 0.9108396812
5199.0 0.91630479
5200.0 0.9109010989
5201.0 0.9115930763
5202.0 0.9145470479000001
5203.0 0.9141657121
5204.0 0.9154606270000001
5205.0 0.9159387929
5206.0 0.9108934674
5207.0 0.9130392082
5208.0 0.9138141276999999
5209.0 0.907929358
5210.0 0.9146853601999999
5211.0 0.9150551886
5212.0 0.9143746420000001
5213.0 0.9157779393000001
5214.0 0.9137058029999999
5215.0 0.9158934967
5216.0 0.9182837313
5217.0 0.9154759595999999
5218.0 0.9108744756
5219.0 0.9135608876000001
5220.0 0.9156316089000001
5221.0 0.9192097844
5222.0 0.9150390415999999
5223.0 0.9190168093000001
5224.0 0.9164786277
5225.0 0.9194103089
5226.0 0.9122590397
5227.0 0.9204463029000001
5228.0 0.9207742731999999
5229.0 0.9196697095999999
5230.0 0.9216464778
5231.0 0.9220353766
5232.0 0.9186045276
5233.0 0.9199568021
5234.0 0.9191015281999999
5235.0 0.9180041870000001
5236.0 0.9195863901000001
5237.0 0.9227201166
5238.0 0.9197815867
5239.0 0.9219915701000001
5240.0 0.9215228234
5241.0 0.9246477090999999
5242.0 0.9225042726999999
5243.0 0.9202776962
5244.0 0.9223849022
5245.0 0.9213436086
5246.0 0.9187505868000001
5247.0 0.9205165591
5248.0 0.9187432062
5249.0 0.9235125120000001
5250.0 0.9199287886
5251.0 0.9183997839
5252.0 0.9197750917
5253.0 0.920301002
5254.0 0.9215347822
5255.0 0.9218621586
5256.0 0.9198009537999999
5257.0 0.9198466162000001
5258.0 0.9211408701
5259.0 0.9172420199
5260.0 0.9200897659
5261.0 0.9208899621
5262.0 0.9212077419
5263.0 0.9152385364
5264.0 0.9207335931
5265.0 0.9168449637999999
5266.0 0.9183974273000001
5267.0 0.9169901063
5268.0 0.9169350440999999
5269.0 0.9152932001
5270.0 0.9181647824
5271.0 0.9125117688
5272.0 0.9126316975
5273.0 0.916125796
5274.0 0.9083979578
5275.0 0.9120485137000001
5276.0 0.9093513883
5277.0 0.910829777
5278.0 0.9113665598
5279.0 0.9097483603000001
5280.0 0.9072293936
5281.0 0.9056973462000001
5282.0 0.9051054891
5283.0 0.9071644188
5284.0 0.9058429061
5285.0 0.9046580954000001
5286.0 0.902303737
5287.0 0.9051929248999999
5288.0 0.8998230088
5289.0 0.90516131
5290.0 0.9069273483
5291.0 0.9042232201
5292.0 0.9032528115
5293.0 0.9022913356000001
5294.0 0.9005799086
5295.0 0.9020203952
5296.0 0.9037110023
5297.0 0.9030299985
5298.0 0.9009650435
5299.0 0.8997081214
5300.0 0.9035806318999999
5301.0 0.9014910755
5302.0 0.9020377509999999
5303.0 0.8985278391
5304.0 0.9001659070999999
5305.0 0.9013979031
5306.0 0.8968267384999999
5307.0 0.9022423759
5308.0 0.9001472959000001
5309.0 0.8998754174
5310.0 0.8994738409999999
5311.0 0.903557485
5312.0 0.9033994953
5313.0 0.9035279673000001
5314.0 0.8984686095000001
5315.0 0.9038165072
5316.0 0.9021123284999999
5317.0 0.9024691236
5318.0 0.9045642744
5319.0 0.9047929637000001
5320.0 0.9000235701
5321.0 0.9047998662000001
5322.0 0.9062970804
5323.0 0.9051291372
5324.0 0.9049772418
5325.0 0.9084255939
5326.0 0.9072348024
5327.0 0.9126726999
5328.0 0.9055195251
5329.0 0.9053964284
5330.0 0.9083274537
5331.0 0.9112362195
5332.0 0.9103479342
5333.0 0.909218082
5334.0 0.9076762372
5335.0 0.9087428393000001
5336.0 0.9122943866
5337.0 0.9154224973999999
5338.0 0.9108268464
5339.0 0.9101467587000001
5340.0 0.9121678023
5341.0 0.9139883268000001
5342.0 0.9115701114
5343.0 0.912952653
5344.0 0.9152005903
5345.0 0.9137578197
5346.0 0.9116820437
5347.0 0.9135041343000001
5348.0 0.9131015525
5349.0 0.9147082149
5350.0 0.9096948248000001
5351.0 0.9116561105
5352.0 0.9150762990000001
5353.0 0.9109955724
5354.0 0.9127668803
5355.0 0.9111490526999999
5356.0 0.91084767
5357.0 0.9122302297
5358.0 0.9156169344
5359.0 0.9063772179
5360.0 0.9129921033
5361.0 0.9116693213
5362.0 0.9081678549
5363.0 0.9096333043000001
5364.0 0.9108938440000001
5365.0 0.9097257528
5366.0 0.9098876231999999
5367.0 0.9118771011
5368.0 0.9133975473
5369.0 0.9072216170999999
5370.0 0.9078150561
5371.0 0.9109544426999999
5372.0 0.9093748508
5373.0 0.9077618516
5374.0 0.9061308692
5375.0 0.9089256655
5376.0 0.9070680006
5377.0 0.9049954931
5378.0 0.9043443603
5379.0 0.9032676152
5380.0 0.9076779756000001
5381.0 0.9041226956999999
5382.0 0.903535669
5383.0 0.9071998337
5384.0 0.903344178
5385.0 0.9096535946
5386.0 0.9049667839
5387.0 0.9082640086
5388.0 0.9002452136
5389.0 0.9002952747
5390.0 0.902486509
5391.0 0.9027321582
5392.0 0.9021870629000001
5393.0 0.9027346734999999
5394.0 0.9051916389
5395.0 0.8990714231999999
5396.0 0.9035050456
5397.0 0.8981237284
5398.0 0.8994380806000001
5399.0 0.9005907459
5400.0 0.8974049601
5401.0 0.8979192166
5402.0 0.8958622761
5403.0 0.8980614061
5404.0 0.89597246
5405.0 0.8935365499
5406.0 0.8943086379
5407.0 0.8953530953
5408.0 0.8950609148
5409.0 0.8887815855
5410.0 0.892530116
5411.0 0.8903758329000001
5412.0 0.8912085754000001
5413.0 0.8891323893
5414.0 0.8904317801999999
5415.0 0.8864305544
5416.0 0.8826052423
5417.0 0.8872508694
5418.0 0.8870546129000001
5419.0 0.8816538192
5420.0 0.8822947853
5421.0 0.8805477968000001
5422.0 0.8801154568
5423.0 0.8807878369
5424.0 0.8783665159999999
5425.0 0.8775837623999999
5426.0 0.8751025966
5427.0 0.8748822855
5428.0 0.8783312287
5429.0 0.8713921031999999
5430.0 0.8720046974
5431.0 0.8714420323000001
5432.0 0.8717007094
5433.0 0.8664961875
5434.0 0.8671563386
5435.0 0.8644479387
5436.0 0.8609951756
5437.0 0.8602055773
5438.0 0.8581500989
5439.0 0.8579473122
5440.0 0.849493085
5441.0 0.8469935726000001
5442.0 0.8388544876999999
5443.0 0.8349339624
5444.0 0.8327581408
5445.0 0.820819856
5446.0 0.8093992848
5447.0 0.7978191018
5448.0 0.7916674368000001
5449.0 0.7736524845999999
5450.0 0.767303932
5451.0 0.7424000738
5452.0 0.7326795756000001
5453.0 0.7097075267
5454.0 0.6947504381999999
5455.0 0.6657765582
5456.0 0.6535271436
5457.0 0.6369776549
5458.0 0.6039573009
5459.0 0.5890774174
5460.0 0.5547511145
5461.0 0.5364268928
5462.0 0.5014103140999999
5463.0 0.4812649165
5464.0 0.4486218069
5465.0 0.43031224799999995
5466.0 0.39598263850000004
5467.0 0.3796603947
5468.0 0.3468484971
5469.0 0.33166678920000003
5470.0 0.3170469873
5471.0 0.2880304629
5472.0 0.2749311597
5473.0 0.2488773448
5474.0 0.2380197838
5475.0 0.2144814126
5476.0 0.2034766697
5477.0 0.1837739738
5478.0 0.1735705765
5479.0 0.1579830392
5480.0 0.1496395497
5481.0 0.13483351289999998
5482.0 0.1284635684
5483.0 0.1149083343
5484.0 0.10969583140000001
5485.0 0.1036861314
5486.0 0.0932825276
5487.0 0.0885188831
5488.0 0.0800474517
5489.0 0.0758513791
5490.0 0.0692017846
5491.0 0.06565776059999999
5492.0 0.059079590700000004
5493.0 0.0571685859
5494.0 0.0511341897
5495.0 0.0489524504
5496.0 0.044833599800000005
5497.0 0.042374266699999996
5498.0 0.038663493199999996
5499.0 0.0368993291
5500.0 0.033501280099999996
5501.0 0.0326689822
5502.0 0.029676846099999998
5503.0 0.028329460499999997
5504.0 0.0271826873
5505.0 0.0243256
5506.0 0.023717680499999998
5507.0 0.0215512556
5508.0 0.0211722249
5509.0 0.0192857208
5510.0 0.0181014333
5511.0 0.0172460644
5512.0 0.016501858600000002
5513.0 0.015162728600000001
5514.0 0.014593587199999999
5515.0 0.0136267777
5516.0 0.013139664399999999
5517.0 0.0121899311
5518.0 0.011694266799999999
5519.0 0.0107867733
5520.0 0.0104593409
5521.0 0.0098578302
5522.0 0.0093423189
5523.0 0.0089276831
5524.0 0.008530059
5525.0 0.0081774006
5526.0 0.0075783641
5527.0 0.0072056414
5528.0 0.0070434026
5529.0 0.0066047099
5530.0 0.0064534155
5531.0 0.0062646687
5532.0 0.0059329228000000005
5533.0 0.005546951
5534.0 0.005372515400000001
5535.0 0.0050636561
5536.0 0.0051531945000000004
5537.0 0.004764392199999999
5538.0 0.0044323526
5539.0 0.0042100717999999995
5540.0 0.0041771696
5541.0 0.0040452273
5542.0 0.0039829175
5543.0 0.0038754810999999997
5544.0 0.0036133532
5545.0 0.0033768572999999997
5546.0 0.003593512
5547.0 0.0031737209000000004
5548.0 0.0032554834999999997
5549.0 0.0029950590999999996
5550.0 0.0029722205
5551.0 0.0029875845000000003
5552.0 0.0026739886999999998
5553.0 0.0027258671000000003
5554.0 0.0025814779000000003
5555.0 0.0024383466
5556.0 0.0023889838
5557.0 0.0023347348
5558.0 0.0022910018
5559.0 0.0023980815
5560.0 0.0022885136
5561.0 0.0021333381
5562.0 0.0020912463
5563.0 0.0019180502
5564.0 0.0020442596
5565.0 0.0018413737
5566.0 0.0020304749
5567.0 0.0018537664
5568.0 0.0017325787
5569.0 0.0015987282
5570.0 0.0018133817000000002
5571.0 0.0016456293
5572.0 0.0015075018
5573.0 0.0014114138
5574.0 0.0016984421
5575.0 0.0016366757999999998
5576.0 0.0016549662
5577.0 0.0013842918
5578.0 0.0015967072
5579.0 0.0013735777
5580.0 0.0014515972
5581.0 0.0012333082
5582.0 0.0013708929000000002
5583.0 0.0012950955
5584.0 0.0011771474
5585.0 0.0012813375
5586.0 0.0012990456
5587.0 0.0012548825
5588.0 0.001159292
5589.0 0.0012025076
5590.0 0.0011481665
5591.0 0.0010411244
5592.0 0.0010930503
5593.0 0.0010941112
5594.0 0.0010566264
5595.0 0.0011518610000000001
5596.0 0.0009982508
5597.0 0.0011041784
5598.0 0.0008970345
5599.0 0.0010428899
5600.0 0.0009393792999999999
5601.0 0.0009930747999999999
5602.0 0.0009025903999999999
5603.0 0.0008427188000000001
5604.0 0.000956476
5605.0 0.0007526957000000001
5606.0 0.0008327563
5607.0 0.0008584969
5608.0 0.0008578505999999999
5609.0 0.0007959137
5610.0 0.0008130863000000001
5611.0 0.0007750519999999999
5612.0 0.0007849430000000001
5613.0 0.0007910017
5614.0 0.0008700494
5615.0 0.0008167733999999999
5616.0 0.0007105165
5617.0 0.0007710166999999999
5618.0 0.0007611600999999999
5619.0 0.0007788432
5620.0 0.0007176082000000001
5621.0 0.0007674531
5622.0 0.0006443465
5623.0 0.0007918747
5624.0 0.0006689192999999999
5625.0 0.0006771874
5626.0 0.0007518283000000001
5627.0 0.000709705
5628.0 0.0006652111999999999
5629.0 0.0006384011
5630.0 0.0006209595
5631.0 0.0006549624
5632.0 0.0006779891000000001
5633.0 0.0004832597
5634.0 0.0006765328
5635.0 0.0005085349
5636.0 0.0006423965
5637.0 0.0006165436
5638.0 0.0006152861
5639.0 0.0005986912999999999
5640.0 0.0005997787
5641.0 0.0005988074
5642.0 0.0006305647
5643.0 0.0005227215
5644.0 0.0005889331
5645.0 0.0005534219999999999
5646.0 0.0005299683999999999
5647.0 0.0005018779000000001
5648.0 0.0004691099
5649.0 0.0
