ZTF-g.ecsv
# %ECSV 0.9
# ---
# datatype:
# - {name: wavelength, unit: Angstrom, datatype: float64}
# - {name: response, datatype: float64}
# meta: !!omap
# - {url: 'http://svo2.cab.inta-csic.es/svo/theory/fps3/index.php?id=Palomar/ZTF.g&&mode=browse&gname=Palomar&gname2=ZTF'}
# - {band_name: g}
# - {airmass: 0.0}
# - {description: '-'}
# - {group_name: ZTF}
wavelength response
[from data line 736]
4411.0 0.8583263598
4412.0 0.8644096273999999
4413.0 0.8608288379000001
4414.0 0.8660177139
4415.0 0.855171267
4416.0 0.8601087904000001
4417.0 0.8563561076999999
4418.0 0.8651638835
4419.0 0.8729431368
4420.0 0.86781514
4421.0 0.8645811895000001
4422.0 0.8766075342
4423.0 0.8706551767
4424.0 0.8724103913
4425.0 0.8709915828
4426.0 0.8667183104
4427.0 0.8761486708
4428.0 0.8809748492
4429.0 0.873230242
4430.0 0.8862921348
4431.0 0.8794481639
4432.0 0.8821847298000001
4433.0 0.8912593794
4434.0 0.8959241011
4435.0 0.898101369
4436.0 0.8921418188
4437.0 0.9002150712
4438.0 0.9025238634999999
4439.0 0.9026473446
4440.0 0.9005214601
4441.0 0.9076674084999999
4442.0 0.9068739705
4443.0 0.9118429539
4444.0 0.9041068420999999
4445.0 0.9125702811
4446.0 0.9162932138
4447.0 0.9097448534
4448.0 0.911387872
4449.0 0.9137649077
4450.0 0.9202886993000001
4451.0 0.9189641434
4452.0 0.9143083317
4453.0 0.9280095352
4454.0 0.9197599115
4455.0 0.9189477006
4456.0 0.9172213956
4457.0 0.9221646836
4458.0 0.9260207095
4459.0 0.9155519048999999
4460.0 0.9172213956
4461.0 0.9183266153
4462.0 0.9212102234999999
4463.0 0.9142400499
4464.0 0.9140113826
4465.0 0.9087209302
4466.0 0.9190198366
4467.0 0.9132856314
4468.0 0.9070872781999999
4469.0 0.9128673918000001
4470.0 0.9078612717
4471.0 0.9064892103
4472.0 0.9120190645
4473.0 0.9113048823000001
4474.0 0.9003279189
4475.0 0.9062559421999999
4476.0 0.9049380362
4477.0 0.9050091631
4478.0 0.9060469382999999
4479.0 0.9053956698000001
4480.0 0.8972932046
4481.0 0.8971181012999999
4482.0 0.9019910422
4483.0 0.8948515596
4484.0 0.9037193353
4485.0 0.8954429621
4486.0 0.8886534315000001
4487.0 0.8938541240000001
4488.0 0.8990860054
4489.0 0.8941834451999999
4490.0 0.8929670411
4491.0 0.8894865706999999
4492.0 0.8948927817
4493.0 0.8899797011
4494.0 0.8903371118000001
4495.0 0.8935448173999999
4496.0 0.8904436609
4497.0 0.8856724611
4498.0 0.8908977556000001
4499.0 0.8859588164
4500.0 0.8872695153
4501.0 0.8885811131
4502.0 0.8876761335
4503.0 0.8899632847
4504.0 0.8875131622
4505.0 0.8860828290999999
4506.0 0.8894979804
4507.0 0.8902332679
4508.0 0.8826316356
4509.0 0.8860841424
4510.0 0.8863416209
4511.0 0.8883453237000001
4512.0 0.8879041229000001
4513.0 0.8822900709
4514.0 0.8862680824
4515.0 0.8854362726
4516.0 0.8841843088
4517.0 0.8795048241
4518.0 0.8824779513
4519.0 0.8819615573999999
4520.0 0.8924434053
4521.0 0.8856870431
4522.0 0.882552804
4523.0 0.8837339884000001
4524.0 0.8897306397
4525.0 0.8896194740000001
4526.0 0.8865307545000001
4527.0 0.8853454292
4528.0 0.8886963153
4529.0 0.8869670711
4530.0 0.8878759626
4531.0 0.8856520837999999
4532.0 0.8982175059
4533.0 0.8882413793
4534.0 0.8857142856999999
4535.0 0.8879135951
4536.0 0.8943956647
4537.0 0.8933392723
4538.0 0.8919636475
4539.0 0.8904680559999999
4540.0 0.8923547401
4541.0 0.8902248489
4542.0 0.8888476714
4543.0 0.8920360555
4544.0 0.8952906151000001
4545.0 0.8930088317
4546.0 0.8963648603000001
4547.0 0.895224974
4548.0 0.8965180824
4549.0 0.8971247075
4550.0 0.9070219541
4551.0 0.9006713203
4552.0 0.8969374168
4553.0 0.9033333333
4554.0 0.8958056368
4555.0 0.9059160369
4556.0 0.8994735274
4557.0 0.9062304165999999
4558.0 0.8978281520999999
4559.0 0.9000359465000001
4560.0 0.90491481
4561.0 0.9083944366
4562.0 0.905104499
4563.0 0.907799107
4564.0 0.9131057376
4565.0 0.9095368023999999
4566.0 0.9093882574
4567.0 0.9072894779
4568.0 0.9167151820999999
4569.0 0.9146282197
4570.0 0.9057433625
4571.0 0.9110356754000001
4572.0 0.9174860226999999
4573.0 0.9142501675
4574.0 0.9158330679000001
4575.0 0.9183965868999999
4576.0 0.9206647952
4577.0 0.9166877609999999
4578.0 0.9206976083
4579.0 0.9252422266
4580.0 0.9314516129000001
4581.0 0.9147159825
4582.0 0.9217282011
4583.0 0.9214672884999999
4584.0 0.9243681689
4585.0 0.9214672806
4586.0 0.9211192747
4587.0 0.9324612585
4588.0 0.9245083724
4589.0 0.9226510794
4590.0 0.9307056777
4591.0 0.9296359411
4592.0 0.9298142232
4593.0 0.930677093
4594.0 0.9250253293
4595.0 0.9304862267
4596.0 0.9288628486
4597.0 0.9299363057
4598.0 0.9282542793
4599.0 0.9264343327
4600.0 0.9251172422
4601.0 0.9228482145999999
4602.0 0.9224536687
4603.0 0.9228956432
4604.0 0.9286102719
4605.0 0.9330204391
4606.0 0.9234287090000001
4607.0 0.9244042975
4608.0 0.9321047234000001
4609.0 0.9200155252
4610.0 0.9201384744
4611.0 0.9254985201
4612.0 0.9220833209999999
4613.0 0.9156330481999999
4614.0 0.9242676333
4615.0 0.9252555176999999
4616.0 0.9266251112999999
4617.0 0.916041538
4618.0 0.9153140437999999
4619.0 0.9218400283
4620.0 0.9158153558
4621.0 0.917675047
4622.0 0.9167977168000001
4623.0 0.918997669
4624.0 0.9180198598
4625.0 0.9178930836
4626.0 0.9188148839
4627.0 0.9122183709
4628.0 0.9166907975
4629.0 0.9167052827
4630.0 0.9152249134999999
4631.0 0.91289884
4632.0 0.9150148162999999
4633.0 0.9198520701999999
4634.0 0.90862726
4635.0 0.9127095572
4636.0 0.9104072657
4637.0 0.9114653131999999
4638.0 0.9107741239
4639.0 0.9076953634999999
4640.0 0.9108500737999999
4641.0 0.9091988802
4642.0 0.9123673515
4643.0 0.9161749344
4644.0 0.9092568156
4645.0 0.9101186636
4646.0 0.9102412688
4647.0 0.9126346719
4648.0 0.906455386
4649.0 0.9126593603
4650.0 0.911517205
4651.0 0.9052771031
4652.0 0.9085923218
4653.0 0.9110803324
4654.0 0.9088068575
4655.0 0.9088271861
4656.0 0.9101262689
4657.0 0.9136525656000001
4658.0 0.9135396094
4659.0 0.9124914113
4660.0 0.9082999209
4661.0 0.9129199672
4662.0 0.9071778140000001
4663.0 0.9126411756999999
4664.0 0.9119120209
4665.0 0.9118994065
4666.0 0.9182427482
4667.0 0.9117044229000001
4668.0 0.9113244998000001
4669.0 0.9180261670000001
4670.0 0.9182261783
4671.0 0.9178439061
4672.0 0.9134311573
4673.0 0.9102840561
4674.0 0.9108023786
4675.0 0.9094632806
4676.0 0.9098232917
4677.0 0.9119572935
4678.0 0.9088385374
4679.0 0.9178064211
4680.0 0.9120801135
4681.0 0.9076159373
4682.0 0.9095537742
4683.0 0.9150978027
4684.0 0.9138818488
4685.0 0.9127335172
4686.0 0.913120475
4687.0 0.9189322788
4688.0 0.9142232744
4689.0 0.9079235748000001
4690.0 0.9077423183
4691.0 0.9113786969
4692.0 0.9095543369
4693.0 0.9083838176000001
4694.0 0.9099664454999999
4695.0 0.913782495
4696.0 0.9081523401999999
4697.0 0.9114136659000001
4698.0 0.9076457421999999
4699.0 0.9062436651000001
4700.0 0.9077238551000001
4701.0 0.9036880076999999
4702.0 0.9035913968000001
4703.0 0.9066186106999999
4704.0 0.9087583876
4705.0 0.9069615809
4706.0 0.9052826506
4707.0 0.90876798
4708.0 0.9022312979000001
4709.0 0.9061292654
4710.0 0.9027388772
4711.0 0.9078486422
4712.0 0.9060376146
4713.0 0.9025216687000001
4714.0 0.8995132982999999
4715.0 0.9083169291
4716.0 0.9043738648
4717.0 0.91046021
4718.0 0.9009477747
4719.0 0.9090241754
4720.0 0.9115970743999999
4721.0 0.9035185906000001
4722.0 0.9082822979999999
4723.0 0.9086021504999999
4724.0 0.9114712009
4725.0 0.9052147534999999
4726.0 0.9143381997
4727.0 0.9141748789
4728.0 0.9158294477
4729.0 0.9111254419
4730.0 0.9093602887000001
4731.0 0.9137675972
4732.0 0.9177287426
4733.0 0.9153577454
4734.0 0.9172944839
4735.0 0.9154138012999999
4736.0 0.9180095459000001
4737.0 0.9215222227
4738.0 0.9193300735
4739.0 0.9242139398999999
4740.0 0.9259503043999999
4741.0 0.9194632443999999
4742.0 0.9245941577
4743.0 0.9259285116
4744.0 0.925949205
4745.0 0.9254708685999999
4746.0 0.9272188526999999
4747.0 0.9297590613
4748.0 0.9292511664
4749.0 0.9290546759999999
4750.0 0.9276551724
4751.0 0.9252802279000001
4752.0 0.9319147958
4753.0 0.9311007411
4754.0 0.9294547948
4755.0 0.9308379684999999
4756.0 0.9369075084999999
4757.0 0.9324622201999999
4758.0 0.9325368939
4759.0 0.9337802337000001
4760.0 0.9332609875
4761.0 0.931246191
4762.0 0.9379180979999999
4763.0 0.9368323584999999
4764.0 0.9293874247
4765.0 0.9329389004
4766.0 0.9313101904000001
4767.0 0.9305208147
4768.0 0.9340988964
4769.0 0.9355724168999999
4770.0 0.9277357192
4771.0 0.9287078153
4772.0 0.929516398
4773.0 0.9330873198999999
4774.0 0.9276282432999999
4775.0 0.9306135987
4776.0 0.9323071463
4777.0 0.9272135187
4778.0 0.9337703037
4779.0 0.9262935493000001
4780.0 0.9256693051999999
4781.0 0.9230398493
4782.0 0.930126982
4783.0 0.9227110064
4784.0 0.9243453382
4785.0 0.9177440347
4786.0 0.9247440645
4787.0 0.9220366123
4788.0 0.9239900857
4789.0 0.9156009678
4790.0 0.9212871287000001
4791.0 0.9239434179000001
4792.0 0.9190372931
4793.0 0.9131020042
4794.0 0.9162525703
4795.0 0.9197389537
4796.0 0.9155191187
4797.0 0.9093959731999999
4798.0 0.9061436351000001
4799.0 0.9131494193999999
4800.0 0.9099446694
4801.0 0.903944462
4802.0 0.9059839865
4803.0 0.9068771517
4804.0 0.9010158131999999
4805.0 0.9042577723999999
4806.0 0.9079540709999999
4807.0 0.9005496215000001
4808.0 0.9014221743
4809.0 0.9049308192000001
4810.0 0.9037780034
4811.0 0.8980517472
4812.0 0.8995699677
4813.0 0.8990897162999999
4814.0 0.8996189618000001
4815.0 0.8977924312000001
4816.0 0.9008732012999999
4817.0 0.896225646
4818.0 0.8931199934999999
4819.0 0.8950711227
4820.0 0.8930252287999999
4821.0 0.9036560965
4822.0 0.8954385681
4823.0 0.8944278587000001
4824.0 0.8934630038
4825.0 0.8910962326
4826.0 0.8898706468
4827.0 0.895007269
4828.0 0.894095147
4829.0 0.8922010193000001
4830.0 0.8913507531
4831.0 0.8990084902
4832.0 0.8896799953
4833.0 0.8888039366
4834.0 0.8953351395999999
4835.0 0.8894529267
4836.0 0.8940724264
4837.0 0.8934244766
4838.0 0.8979719311
4839.0 0.8970665219
4840.0 0.8914271394
4841.0 0.8927336976000001
4842.0 0.8986782441
4843.0 0.8928159816
4844.0 0.8944234929000001
4845.0 0.8945194476999999
4846.0 0.895737393
4847.0 0.8970013535
4848.0 0.8992485494
4849.0 0.8993711883
4850.0 0.89587693
4851.0 0.8956213731
4852.0 0.9036235153
4853.0 0.9028865476000001
4854.0 0.9042593079000001
4855.0 0.9069129070999999
4856.0 0.8993032977
4857.0 0.8996805584
4858.0 0.9048473636
4859.0 0.9008488151999999
4860.0 0.9048615317
4861.0 0.9069074592
4862.0 0.9013021118000001
4863.0 0.906946193
4864.0 0.9045917065000001
4865.0 0.9098014979000001
4866.0 0.905040968
4867.0 0.9163544212000001
4868.0 0.9076419884999999
4869.0 0.9092183792
4870.0 0.9118930862000001
4871.0 0.9131889764
4872.0 0.9103734884
4873.0 0.9172550631999999
4874.0 0.9128548826
4875.0 0.914295321
4876.0 0.915686344
4877.0 0.9145991859999999
4878.0 0.9228421351999999
4879.0 0.9210767873000001
4880.0 0.9174173118000001
4881.0 0.9144162277
4882.0 0.9157025083
4883.0 0.9197394684
4884.0 0.9222754595
4885.0 0.9152010812000001
4886.0 0.9197838736
4887.0 0.9202559301000001
4888.0 0.9200946361
4889.0 0.9243500043
4890.0 0.9268615876999999
4891.0 0.9244843418
4892.0 0.9204679159999999
4893.0 0.9243198148
4894.0 0.9257213744
4895.0 0.9264003806000001
4896.0 0.9275943795
4897.0 0.9263342435999999
4898.0 0.9242388601
4899.0 0.9254031582
4900.0 0.9225545972
4901.0 0.9324639418999999
4902.0 0.9291538653
4903.0 0.9283204614
4904.0 0.9341061522
4905.0 0.9287751636
4906.0 0.9255598608
4907.0 0.9259459018
4908.0 0.9284792446
4909.0 0.9256984057
4910.0 0.9285679576000001
4911.0 0.9297337638
4912.0 0.9256181076000001
4913.0 0.9317368743000001
4914.0 0.9298625827
4915.0 0.9261705162999999
4916.0 0.9281993748999999
4917.0 0.9325059176999999
4918.0 0.9286146016
4919.0 0.9284079349
4920.0 0.9281678773
4921.0 0.9238089246
4922.0 0.9275298345999999
4923.0 0.9210436958
4924.0 0.9273357637999999
4925.0 0.9326156157
4926.0 0.9307200970999999
4927.0 0.9261971031999999
4928.0 0.926486716
4929.0 0.9188551714000001
4930.0 0.9219758136
4931.0 0.9277376124
4932.0 0.9263444162000001
4933.0 0.9246011637
4934.0 0.9263126648000001
4935.0 0.9270216619
4936.0 0.9247811483
4937.0 0.9198980742
4938.0 0.9214646115999999
4939.0 0.9246511306
4940.0 0.9226937397
4941.0 0.9232300353
4942.0 0.9204638893000001
4943.0 0.9190887667000001
4944.0 0.9174005621
4945.0 0.9176741898999999
4946.0 0.9220942266
4947.0 0.9172707961
4948.0 0.9234234234
4949.0 0.9161945429999999
4950.0 0.9239413873000001
4951.0 0.9160180117
4952.0 0.9166777586
4953.0 0.9195479056
4954.0 0.9150398589000001
4955.0 0.9173915212999999
4956.0 0.9125867195
4957.0 0.9149996698999999
4958.0 0.9171500818
4959.0 0.9159863611
4960.0 0.9122449984000001
4961.0 0.9130783064
4962.0 0.9156129831
4963.0 0.9128013029000001
4964.0 0.9134582568
4965.0 0.9151075391
4966.0 0.9113239911
4967.0 0.9077971893000001
4968.0 0.9132863970999999
4969.0 0.9091421667
4970.0 0.9124082904
4971.0 0.9108793515000001
4972.0 0.9062006979999999
4973.0 0.9038596045
4974.0 0.9099740003
4975.0 0.9079341911
4976.0 0.9105862572
4977.0 0.9048234756
4978.0 0.903007507
4979.0 0.8998838049
4980.0 0.9012436334
4981.0 0.9057740769
4982.0 0.9025967939
4983.0 0.9032826236
4984.0 0.9023760651999999
4985.0 0.9070937004
4986.0 0.904296784
4987.0 0.9013253645999999
4988.0 0.9007207124
4989.0 0.9012899952
4990.0 0.9034053348000001
4991.0 0.90313622
4992.0 0.8963582017
4993.0 0.9022871567
4994.0 0.8982230876999999
4995.0 0.8973859887000001
4996.0 0.9001849269
4997.0 0.8958097737
4998.0 0.9015669429000001
4999.0 0.9022316043
5000.0 0.8992928077
5001.0 0.8992420262999999
5002.0 0.8974228577
5003.0 0.9030910234999999
5004.0 0.8975273418999999
5005.0 0.8986882418000001
5006.0 0.8999317648999999
5007.0 0.9004869097
5008.0 0.9015739304000001
5009.0 0.8965766457
5010.0 0.8936323001
5011.0 0.8998914095999999
5012.0 0.8986236451999999
5013.0 0.8988594603
5014.0 0.8994788331
5015.0 0.8990158198
5016.0 0.8977568436
5017.0 0.9014544031
5018.0 0.9026766456
5019.0 0.8981652169
5020.0 0.9044130397
5021.0 0.9018661981999999
5022.0 0.9023019887
5023.0 0.9034011849
5024.0 0.9076360508
5025.0 0.9049879198
5026.0 0.9083454758
5027.0 0.9070307051000001
5028.0 0.9060158909999999
5029.0 0.9051166216
5030.0 0.9071546145999999
5031.0 0.9038450687999999
5032.0 0.9085709444
5033.0 0.9092913828
5034.0 0.9081924284
5035.0 0.9102249287999999
5036.0 0.9121389873000001
5037.0 0.9098686606
5038.0 0.9093440249
5039.0 0.9089025476
5040.0 0.9106984356000001
5041.0 0.915151431
5042.0 0.9152955515000001
5043.0 0.9113707294
5044.0 0.9110921549
5045.0 0.9127548145000001
5046.0 0.9170913287000001
5047.0 0.9136447112
5048.0 0.9162145870999999
5049.0 0.9160873544
5050.0 0.9165725790000001
5051.0 0.9119889308
5052.0 0.9162052869
5053.0 0.9146367898000001
5054.0 0.9166542276999999
5055.0 0.9207335984999999
5056.0 0.9179200861
5057.0 0.919885782
5058.0 0.9201993668999999
5059.0 0.9202311674
5060.0 0.9218401911
5061.0 0.9193216168
5062.0 0.9216998359999999
5063.0 0.9220605899
5064.0 0.9180961231999999
5065.0 0.9213745522
5066.0 0.9232179145
5067.0 0.9248021633
5068.0 0.9248141227
5069.0 0.9251143847
5070.0 0.9207706249
5071.0 0.9223657215000001
5072.0 0.923245614
5073.0 0.9267874215999999
5074.0 0.9236416457
5075.0 0.9222061184999999
5076.0 0.9223042951
5077.0 0.9274035573
5078.0 0.925921104
5079.0 0.9209191944
5080.0 0.9260089105
5081.0 0.9243275429000001
5082.0 0.9250077672
5083.0 0.9190459027
5084.0 0.92011895
5085.0 0.9250549648
5086.0 0.9231005805
5087.0 0.9206150545
5088.0 0.9236282653
5089.0 0.925007664
5090.0 0.9205372131999999
5091.0 0.9230612634
5092.0 0.9242866943000001
5093.0 0.9218374218000001
5094.0 0.9233529897
5095.0 0.9238676883
5096.0 0.9234114977
5097.0 0.9212831290000001
5098.0 0.9211151770999999
5099.0 0.9222268217
5100.0 0.9244097056999999
5101.0 0.9208319272
5102.0 0.9217863095000001
5103.0 0.9242088944
5104.0 0.9209124623999999
5105.0 0.9246571076000001
5106.0 0.9198340022
5107.0 0.9202135565999999
5108.0 0.9261405228
5109.0 0.9199950659999999
5110.0 0.9183374565000001
5111.0 0.9219668165
5112.0 0.9196722925
5113.0 0.9213548212
5114.0 0.9180556745999999
5115.0 0.9184690753
5116.0 0.919670405
5117.0 0.9216709864
5118.0 0.9189752719
5119.0 0.9229004745999999
5120.0 0.9148980087
5121.0 0.9190979015
5122.0 0.9191621487
5123.0 0.9219598969
5124.0 0.9179139637
5125.0 0.9184541576999999
5126.0 0.9200410726999999
5127.0 0.9246634824
5128.0 0.9161429363
5129.0 0.9191357211
5130.0 0.9199894439
5131.0 0.9192352898999999
5132.0 0.9208227266
5133.0 0.9158789381
5134.0 0.9189693935
5135.0 0.9175220859000001
5136.0 0.9178155328000001
5137.0 0.9191619245999999
5138.0 0.9199776626999999
5139.0 0.9170727081000001
