ZTF-g.ecsv
# %ECSV 0.9
# ---
# datatype:
# - {name: wavelength, unit: Angstrom, datatype: float64}
# - {name: response, datatype: float64}
# meta: !!omap
# - {url: 'http://svo2.cab.inta-csic.es/svo/theory/fps3/index.php?id=Palomar/ZTF.g&&mode=browse&gname=Palomar&gname2=ZTF'}
# - {band_name: g}
# - {airmass: 0.0}
# - {description: '-'}
# - {group_name: ZTF}
wavelength response
3675.0 0.0
3676.0 0.0057098365
3677.0 0.0053801776
3678.0 0.005886919399999999
3679.0 0.005682919
3680.0 0.005828103
3681.0 0.0049662549
3682.0 0.004684892800000001
3683.0 0.005928475799999999
3684.0 0.0056425537
3685.0 0.0050403226
3686.0 0.0052405607
3687.0 0.0051291793
3688.0 0.0049381173
3689.0 0.0050792864
3690.0 0.0049872203
3691.0 0.0050941169
3692.0 0.0047352561
3693.0 0.0046043342
3694.0 0.0046048996
3695.0 0.0045232274
3696.0 0.0045424263
3697.0 0.004749594199999999
3698.0 0.0053905127
3699.0 0.0054273275
3700.0 0.0050831240000000005
3701.0 0.0054396557
3702.0 0.0049976202
3703.0 0.0055114377
3704.0 0.0047585478
3705.0 0.0052628467000000005
3706.0 0.0049780381
3707.0 0.0045696877
3708.0 0.0048065786
3709.0 0.0045612009
3710.0 0.0047398778
3711.0 0.0042343786
3712.0 0.0046878573
3713.0 0.0045162019
3714.0 0.0052168982
3715.0 0.0049088755
3716.0 0.004823602
3717.0 0.0047817626
3718.0 0.0047966981
3719.0 0.0054599603
3720.0 0.00464756
3721.0 0.0051662545
3722.0 0.005116481599999999
3723.0 0.0043049425
3724.0 0.0039763568
3725.0 0.0041134445
3726.0 0.0044722237
3727.0 0.0045657195
3728.0 0.0044078597999999995
3729.0 0.0046200414
3730.0 0.0049764413
3731.0 0.0049158038
3732.0 0.0048579189
3733.0 0.0044805668
3734.0 0.0043357077
3735.0 0.0049390338
3736.0 0.004372428
3737.0 0.0041090965
3738.0 0.0047842019
3739.0 0.0042924957
3740.0 0.0036250126
3741.0 0.0045321785
3742.0 0.0045832710999999995
3743.0 0.003971603
3744.0 0.00343369
3745.0 0.0041009931
3746.0 0.0044085231
3747.0 0.0038072924
3748.0 0.0047130849
3749.0 0.0043880799
3750.0 0.0040096618
3751.0 0.0043014864
3752.0 0.0047160823
3753.0 0.0042867349
3754.0 0.0042194093
3755.0 0.0039368234
3756.0 0.0038667598
3757.0 0.0040705563
3758.0 0.0041585805
3759.0 0.0031420386
3760.0 0.0039660579
3761.0 0.0037953266999999997
3762.0 0.0038979287
3763.0 0.0038140211
3764.0 0.0040205999
3765.0 0.0038154233
3766.0 0.0037845058000000003
3767.0 0.003731509
3768.0 0.0040251238
3769.0 0.0040329729
3770.0 0.0035632588
3771.0 0.0034431659999999997
3772.0 0.0036764706
3773.0 0.0037952301
3774.0 0.004036067
3775.0 0.0041146972
3776.0 0.0033258005
3777.0 0.0030066909
3778.0 0.0031279059999999997
3779.0 0.004004890200000001
3780.0 0.0039026437
3781.0 0.003082948
3782.0 0.0034550223
3783.0 0.0034627752
3784.0 0.0035805416
3785.0 0.0034807535
3786.0 0.0031799095
3787.0 0.0038155545000000003
3788.0 0.0040678239
3789.0 0.0032498796
3790.0 0.0027646446000000003
3791.0 0.0036221789
3792.0 0.0034444532
3793.0 0.0039690337
3794.0 0.0035561878000000004
3795.0 0.0036894576
3796.0 0.0032019992999999997
3797.0 0.0035254920000000003
3798.0 0.0031297090999999997
3799.0 0.0034896652000000004
3800.0 0.0033204840000000003
3801.0 0.0030336354
3802.0 0.003366876
3803.0 0.0038447040999999996
3804.0 0.0034142497999999997
3805.0 0.0037600983
3806.0 0.0032363663
3807.0 0.0027281106
3808.0 0.0033531081
3809.0 0.0032368411
3810.0 0.0030817771999999996
3811.0 0.0031552605999999998
3812.0 0.0030188405
3813.0 0.0028174101000000003
3814.0 0.0033473707
3815.0 0.0032213034999999998
3816.0 0.0031838121000000003
3817.0 0.0027895479999999998
3818.0 0.0035734503000000003
3819.0 0.0033982622999999997
3820.0 0.0031121057000000002
3821.0 0.0029528243
3822.0 0.0026915114000000003
3823.0 0.0026826247999999996
3824.0 0.0029911625
3825.0 0.0033408332
3826.0 0.0028674561
3827.0 0.0029989554
3828.0 0.0030994171999999998
3829.0 0.0025781826000000002
3830.0 0.0025883524
3831.0 0.002934605
3832.0 0.0030029028000000003
3833.0 0.0028730887
3834.0 0.0032673332
3835.0 0.0026427406
3836.0 0.0034522065000000004
3837.0 0.0030221193
3838.0 0.0029154519
3839.0 0.0029715308000000003
3840.0 0.0028261146
3841.0 0.002753426
3842.0 0.0025486926
3843.0 0.0029632432
3844.0 0.0030746063000000002
3845.0 0.0034651765
3846.0 0.0025136544
3847.0 0.0029591271000000002
3848.0 0.0023460410999999997
3849.0 0.00288751
3850.0 0.0028131976
3851.0 0.002969427
3852.0 0.0027619279
3853.0 0.0025570061999999998
3854.0 0.0027660854
3855.0 0.0026964676
3856.0 0.0026404794
3857.0 0.0028512028000000004
3858.0 0.0027079531
3859.0 0.0025394201
3860.0 0.0023895559
3861.0 0.0025581395000000002
3862.0 0.0026855328000000003
3863.0 0.0026490829
3864.0 0.002843847
3865.0 0.0023424556
3866.0 0.0028032037
3867.0 0.0024734179
3868.0 0.0026588221999999996
3869.0 0.0028096201
3870.0 0.0028811995000000003
3871.0 0.0025542784
3872.0 0.0027807129999999998
3873.0 0.0026603039
3874.0 0.0027798420000000003
3875.0 0.0028423202000000002
3876.0 0.0025752014
3877.0 0.002658925
3878.0 0.0025222391
3879.0 0.0027618326000000003
3880.0 0.0022183745999999997
3881.0 0.002478678
3882.0 0.0023419204
3883.0 0.0027839644
3884.0 0.0025097086
3885.0 0.0025574099
3886.0 0.0023635695
3887.0 0.0025978074
3888.0 0.0027079102
3889.0 0.0027789321
3890.0 0.0023775682
3891.0 0.002340535
3892.0 0.0023088171
3893.0 0.0027254203
3894.0 0.0021320879000000003
3895.0 0.0025964859
3896.0 0.002347711
3897.0 0.0024956949
3898.0 0.0024658763
3899.0 0.0024639124
3900.0 0.0025233784
3901.0 0.0023572744
3902.0 0.0025941607
3903.0 0.0026957481
3904.0 0.0026816187
3905.0 0.0025258658
3906.0 0.0021258093
3907.0 0.0023089134
3908.0 0.0023013305
3909.0 0.0025282038
3910.0 0.002305681
3911.0 0.0024460329
3912.0 0.0023389326
3913.0 0.002433205
3914.0 0.00263059
3915.0 0.0023819532
3916.0 0.0022563912
3917.0 0.0023839282
3918.0 0.0024973408
3919.0 0.0023219458
3920.0 0.0023449893
3921.0 0.0021738633
3922.0 0.0024147503
3923.0 0.0022708693
3924.0 0.0023087892
3925.0 0.0021927345999999998
3926.0 0.002313515
3927.0 0.0024607951
3928.0 0.0024241076
3929.0 0.0020881464
3930.0 0.0021580199
3931.0 0.0023087070999999997
3932.0 0.0022619466
3933.0 0.0020973979000000003
3934.0 0.0023622564
3935.0 0.0022316109
3936.0 0.0021970448000000003
3937.0 0.0023686987
3938.0 0.0022799130999999998
3939.0 0.0019869672
3940.0 0.0021750256
3941.0 0.0022063815
3942.0 0.0024377835
3943.0 0.0025344795000000002
3944.0 0.0021717794
3945.0 0.002295732
3946.0 0.0021975722
3947.0 0.0019967137
3948.0 0.002058426
3949.0 0.0022067316
3950.0 0.0022090551
3951.0 0.0022884698000000003
3952.0 0.001842865
3953.0 0.0022623973000000003
3954.0 0.0021731183
3955.0 0.0023268519
3956.0 0.0021068838
3957.0 0.0023640662
3958.0 0.0019835307
3959.0 0.0023886777
3960.0 0.0024076248
3961.0 0.0019338924
3962.0 0.0020229795
3963.0 0.0021208075
3964.0 0.002585599
3965.0 0.0022618257999999997
3966.0 0.0021133860999999997
3967.0 0.0019206891
3968.0 0.0022072063
3969.0 0.0020990602
3970.0 0.0021151406
3971.0 0.0019284009
3972.0 0.0022459934
3973.0 0.002145556
3974.0 0.0021585594
3975.0 0.0024584893
3976.0 0.0022003648
3977.0 0.0019692054
3978.0 0.0023162417
3979.0 0.0021751254999999997
3980.0 0.0022709926999999997
3981.0 0.0021029124
3982.0 0.002219879
3983.0 0.0023186912
3984.0 0.0019687212
3985.0 0.0020275454
3986.0 0.0022296137
3987.0 0.0023172873
3988.0 0.0023021844000000002
3989.0 0.0023031446
3990.0 0.0024407
3991.0 0.0021650098
3992.0 0.0021639602
3993.0 0.0020698023
3994.0 0.0023269134
3995.0 0.0020874964
3996.0 0.0021339783
3997.0 0.0023684535999999997
3998.0 0.0021918196
3999.0 0.002445547
4000.0 0.002189602
4001.0 0.0023010145000000003
4002.0 0.0023911753
4003.0 0.0023617261
4004.0 0.0023060651
4005.0 0.0023497702
4006.0 0.0020777169
4007.0 0.0022056796
4008.0 0.0025633086
4009.0 0.0024066773
4010.0 0.0022671871
4011.0 0.002377354
4012.0 0.00220227
4013.0 0.0025348114000000002
4014.0 0.0021329541
4015.0 0.0023557522
4016.0 0.0023062653
4017.0 0.002359043
4018.0 0.0024420024
4019.0 0.002443484
4020.0 0.0026095339
4021.0 0.0024200232
4022.0 0.0025390335
4023.0 0.0025386987
4024.0 0.0025379464000000003
4025.0 0.0024595406
4026.0 0.0025624286
4027.0 0.0026329560999999997
4028.0 0.0025567584
4029.0 0.0027826596
4030.0 0.0026741868
4031.0 0.0026613762
4032.0 0.0028096691
4033.0 0.0028488194
4034.0 0.0025420071
4035.0 0.0028983187
4036.0 0.0028554658
4037.0 0.0027894887
4038.0 0.0030566994
4039.0 0.0031618054
4040.0 0.0029255487
4041.0 0.0030025759000000003
4042.0 0.0030815671999999995
4043.0 0.0031410488
4044.0 0.0030211005
4045.0 0.0031293244
4046.0 0.0032666394
4047.0 0.0031161385
4048.0 0.0033233477
4049.0 0.0031712967
4050.0 0.0032398754
4051.0 0.0031818464
4052.0 0.0032418914000000004
4053.0 0.00313378
4054.0 0.0035271467
4055.0 0.0034162632
4056.0 0.0035451781
4057.0 0.0035125229
4058.0 0.0036963495
4059.0 0.0034687884999999997
4060.0 0.0039868525
4061.0 0.0038723786
4062.0 0.0035232565000000004
4063.0 0.0036894789000000002
4064.0 0.0039254023
4065.0 0.0039693279
4066.0 0.0037448677
4067.0 0.004261745999999999
4068.0 0.004208666
4069.0 0.0043670075
4070.0 0.0044819679
4071.0 0.0044486104
4072.0 0.0046502645
4073.0 0.0048910233
4074.0 0.0048657123
4075.0 0.005236299099999999
4076.0 0.0054675411
4077.0 0.0056110458
4078.0 0.0061932227
4079.0 0.006170119
4080.0 0.0060529855
4081.0 0.0065325091
4082.0 0.0072866927
4083.0 0.0073638776
4084.0 0.0079587133
4085.0 0.008294460600000001
4086.0 0.0090127947
4087.0 0.009551609
4088.0 0.0097291385
4089.0 0.0106269466
4090.0 0.0112053648
4091.0 0.0126457194
4092.0 0.0137944765
4093.0 0.0146576774
4094.0 0.015193785100000001
4095.0 0.0180938145
4096.0 0.0190083348
4097.0 0.0210608424
4098.0 0.0222162323
4099.0 0.026239273799999997
4100.0 0.0279998308
4101.0 0.030065433199999998
4102.0 0.0327346996
4103.0 0.0382615052
4104.0 0.0417115592
4105.0 0.0437635234
4106.0 0.0477646533
4107.0 0.0510883928
4108.0 0.0600763624
4109.0 0.06422566519999999
4110.0 0.0696748047
4111.0 0.07377887059999999
4112.0 0.08432536939999999
4113.0 0.08949856
4114.0 0.0948126801
4115.0 0.1005247283
4116.0 0.1122299197
4117.0 0.11926266519999999
4118.0 0.1249897224
4119.0 0.130683443
4120.0 0.1369541805
4121.0 0.1524439184
4122.0 0.1577703208
4123.0 0.1642428847
4124.0 0.1719956645
4125.0 0.18844231320000002
4126.0 0.19496021219999998
4127.0 0.20406591920000003
4128.0 0.21287309149999997
4129.0 0.23134207760000003
4130.0 0.23922500600000002
4131.0 0.2520682177
4132.0 0.2620077456
4133.0 0.28365217859999997
4134.0 0.298523601
4135.0 0.3096790471
4136.0 0.32672937539999997
4137.0 0.3560817455
4138.0 0.3682180338
4139.0 0.38592801299999996
4140.0 0.403526834
4141.0 0.4168741392
4142.0 0.4520031629
4143.0 0.4725273276
4144.0 0.489246038
4145.0 0.5066955779
4146.0 0.5441815865
4147.0 0.5615903583
4148.0 0.5776204003000001
4149.0 0.5935283283
4150.0 0.6279633831
4151.0 0.646503328
4152.0 0.6629821322
4153.0 0.6764702063
4154.0 0.7062342651000001
4155.0 0.7157482451999999
4156.0 0.7265464417
4157.0 0.7390198231
4158.0 0.7581256770999999
4159.0 0.7657129607
4160.0 0.7728996593
4161.0 0.7851046823000001
4162.0 0.7943056661
4163.0 0.7992441227
4164.0 0.8020555327
4165.0 0.806764334
4166.0 0.8096432801000001
4167.0 0.8112678926000001
4168.0 0.8122804785
4169.0 0.8130982112
4170.0 0.8216212784999999
4171.0 0.8178295554999999
4172.0 0.8214773763
4173.0 0.8216116335
4174.0 0.8179708097
4175.0 0.8163922062000001
4176.0 0.8208455104000001
4177.0 0.8192872804000001
4178.0 0.8181533998999999
4179.0 0.8208416834000001
4180.0 0.8214607755
4181.0 0.8218328268
4182.0 0.8221984368
4183.0 0.8236267495999999
4184.0 0.8223336428
4185.0 0.8284617765000001
4186.0 0.8284139666
4187.0 0.8316802658
4188.0 0.8330845434
4189.0 0.8357075959999999
4190.0 0.8368322365
4191.0 0.8439491619
4192.0 0.8483265645999999
4193.0 0.8487600376000001
4194.0 0.8517767737
4195.0 0.8572571262
4196.0 0.8623751523000001
4197.0 0.8604642706
4198.0 0.8688498675
4199.0 0.8739135698
4200.0 0.877804943
4201.0 0.8833213856000001
4202.0 0.8827815848
4203.0 0.8935508465
4204.0 0.8971103856999999
4205.0 0.8965666839
4206.0 0.9003067114
4207.0 0.9036392272
4208.0 0.9051567483
4209.0 0.9068406028
4210.0 0.9070262342000001
4211.0 0.9124739327
4212.0 0.9127331614
4213.0 0.9102995201
4214.0 0.9103085385999999
4215.0 0.9108883718
4216.0 0.9128546025
4217.0 0.9119696464
4218.0 0.911541169
4219.0 0.9069886276000001
4220.0 0.9084527988
4221.0 0.9047929456999999
4222.0 0.8991756425
4223.0 0.9056668561
4224.0 0.9025448339
4225.0 0.8921950184
4226.0 0.8962506481
4227.0 0.8909313870000001
4228.0 0.8937798139
4229.0 0.8886690690000001
4230.0 0.8843712231
4231.0 0.8827876148
4232.0 0.8822357862000001
4233.0 0.8751913079000001
4234.0 0.8759727796
4235.0 0.8740896604
4236.0 0.8755438903
4237.0 0.8704204343999999
4238.0 0.8707912262
4239.0 0.8740693195999999
4240.0 0.8721339262000001
4241.0 0.865762108
4242.0 0.8680580365
4243.0 0.8666051022
4244.0 0.8695340087000001
4245.0 0.8657275692
4246.0 0.8707979312999999
4247.0 0.8692773645999999
4248.0 0.8728074225
4249.0 0.8675987031
4250.0 0.8727527702
4251.0 0.8751553223999999
4252.0 0.8718039773
4253.0 0.8778004306999999
4254.0 0.8762698858
4255.0 0.8786593175
4256.0 0.8712450256000001
4257.0 0.8804842703
4258.0 0.8749388795
4259.0 0.8762625114
4260.0 0.8789988623
4261.0 0.8792702963
4262.0 0.8732972949
4263.0 0.8820559266
4264.0 0.879520527
4265.0 0.8819972474
4266.0 0.8814381365
4267.0 0.883578819
4268.0 0.8844997466
4269.0 0.8805811084
4270.0 0.8879519698
4271.0 0.8810248718000001
4272.0 0.8851621576
4273.0 0.8839163179999999
4274.0 0.8831847148
4275.0 0.8813147361
4276.0 0.8829058592
4277.0 0.8865011568000001
4278.0 0.8836458806999999
4279.0 0.8827323301000001
4280.0 0.8855992815000001
4281.0 0.8803985611
4282.0 0.8839896407
4283.0 0.8835996376
4284.0 0.8863608832
4285.0 0.8824145535
4286.0 0.884968483
4287.0 0.8857890340000001
4288.0 0.8861531709
4289.0 0.8866314241
4290.0 0.8857124101
4291.0 0.88501887
4292.0 0.8908414487
4293.0 0.8892007601
4294.0 0.8884344393000001
4295.0 0.8933086312
4296.0 0.8904091709999999
4297.0 0.8900642031999999
4298.0 0.8943104401
4299.0 0.8973675946999999
4300.0 0.8932370903
4301.0 0.8939469087999999
4302.0 0.8961899325
4303.0 0.8957753442
4304.0 0.8992575510999999
4305.0 0.8995559179000001
4306.0 0.8979256301999999
4307.0 0.900751429
4308.0 0.9014787786
4309.0 0.9060578139
4310.0 0.9049596038
4311.0 0.9079586845000001
4312.0 0.9069926119
4313.0 0.9072480132999999
4314.0 0.9111883356
4315.0 0.9083222546999999
4316.0 0.9091747202
4317.0 0.9120896565000001
4318.0 0.9086716453
4319.0 0.9124839534
4320.0 0.9145986018000001
4321.0 0.9137178406
4322.0 0.9183472856
4323.0 0.9123124895
4324.0 0.9178833079000001
4325.0 0.9138664062999999
4326.0 0.9133085423999999
4327.0 0.9192348119
4328.0 0.9207597145
4329.0 0.9182445956
4330.0 0.9169508903
4331.0 0.9213349225
4332.0 0.9172264175
4333.0 0.9204752243000001
4334.0 0.9193278706999999
4335.0 0.9193935879
4336.0 0.9227172859999999
4337.0 0.9179827429999999
4338.0 0.9230920820999999
4339.0 0.9218892576000001
4340.0 0.9202836292000001
4341.0 0.9217070065999999
4342.0 0.9190823
4343.0 0.9144849873
4344.0 0.9183413602
4345.0 0.9205881446999999
4346.0 0.9230634978
4347.0 0.920776038
4348.0 0.9212538852
4349.0 0.9207055653
4350.0 0.9202480899
4351.0 0.9192343604000001
4352.0 0.9241774695999999
4353.0 0.9195979385999999
4354.0 0.9221826518
4355.0 0.9227669302
4356.0 0.9229913220999999
4357.0 0.9246020009999999
4358.0 0.9196622927
4359.0 0.918864612
4360.0 0.9183338234
4361.0 0.9209517045000001
4362.0 0.9210697052
4363.0 0.9181628646
4364.0 0.9205055241
4365.0 0.9156870448000001
4366.0 0.9162004415
4367.0 0.9163056837000001
4368.0 0.9170160358
4369.0 0.9133236604
4370.0 0.9156511804999999
4371.0 0.9121199083
4372.0 0.9106389799
4373.0 0.9069426872
4374.0 0.9052738458
4375.0 0.9058096045
4376.0 0.9026193808
4377.0 0.9056789877
4378.0 0.8998088863
4379.0 0.8983830292
4380.0 0.8949793359999999
4381.0 0.8951373331
4382.0 0.8890068308
4383.0 0.8929186386
4384.0 0.8892862406
4385.0 0.8856775662
4386.0 0.8887558517
4387.0 0.8835675422
4388.0 0.8810122372
4389.0 0.8790508581
4390.0 0.8789431717
4391.0 0.8807027818000001
4392.0 0.8733829031999999
4393.0 0.8707224334999999
4394.0 0.8735565203
4395.0 0.8689225341
4396.0 0.8652477488
4397.0 0.8600356438
4398.0 0.8646302932
4399.0 0.8616025475
4400.0 0.8619867066
4401.0 0.8602934825
4402.0 0.8597217431
4403.0 0.8611251261
4404.0 0.8570352073999999
4405.0 0.8580197604
4406.0 0.855275287
4407.0 0.85398639
4408.0 0.8528133098999999
4409.0 0.8514202171999999
